0 209 baltim_clear STATION
1 133         6.80073525
1 90         6.57647322
1 96         5.09901951
1 16         6.32455532
2 185          4.9244289
2 7         4.47213595
2 5                  4
2 4         4.12310563
4 185         6.94622199
4 5         6.40312424
4 2         4.12310563
4 7         5.38516481
5 4         6.40312424
5 11         5.38516481
5 2                  4
5 7                  2
6 14         10.4403065
6 12         8.94427191
6 8         7.07106781
6 70         5.38516481
7 11         7.28010989
7 4         5.38516481
7 5                  2
7 2         4.47213595
8 6         7.07106781
8 70         6.40312424
8 12         3.16227766
8 14         3.60555128
9 68         5.86003413
9 211         5.65685425
9 195         3.35410197
9 76                  5
11 9         7.28010989
11 15                  6
11 13         4.24264069
11 5         5.38516481
12 67         8.01560977
12 70         6.08276253
12 14         2.23606798
12 8         3.16227766
13 69         6.26498204
13 67         4.60977223
13 11         4.24264069
13 65         4.60977223
14 5                  8
14 11         7.81024968
14 12         2.23606798
14 8         3.60555128
15 195         5.59016994
15 185         5.40832691
15 180         3.04138127
15 2                  5
16 1         6.32455532
16 179         5.70087713
16 96         5.83095189
16 18         4.60977223
17 135         5.02493781
17 179         3.20156212
17 74         4.03112887
17 18         2.12132034
18 16         4.60977223
18 179         3.64005494
18 74         3.20156212
18 17         2.12132034
19 22         6.70820393
19 25         6.70820393
19 20         4.03112887
19 21                3.5
20 24         5.52268051
20 200         5.14781507
20 19         4.03112887
20 25         4.03112887
21 25         6.02079729
21 20         5.65685425
21 19                3.5
21 203         5.59016994
22 23         5.59016994
22 205         5.40832691
22 204         4.47213595
22 72         5.09901951
23 24         7.28010989
23 22         5.59016994
23 72                3.5
23 75         4.71699057
24 192                  7
24 19         6.94622199
24 75         5.40832691
24 20         5.52268051
25 19         6.70820393
25 21         6.02079729
25 200         1.11803399
25 20         4.03112887
26 46         9.21954446
26 27          8.7321246
26 38         8.38152731
26 37                1.5
27 38                  6
27 35                5.5
27 39         5.22015325
27 30         1.41421356
28 33         6.70820393
28 39         6.02079729
28 32         4.03112887
28 35          4.9244289
29 31         6.96419414
29 33         6.72681202
29 42          2.6925824
29 32         5.70087713
30 34         6.18465844
30 38         5.09901951
30 39         4.71699057
30 27         1.41421356
31 170                  7
31 29         6.96419414
31 86         4.66476152
31 166         6.18465844
32 31         7.61577311
32 153         6.70820393
32 29         5.70087713
32 28         4.03112887
33 28         6.70820393
33 36         4.60977223
33 39                2.5
33 34         1.11803399
34 30         6.18465844
34 36         4.47213595
34 39         2.23606798
34 33         1.11803399
35 30         6.57647322
35 39         6.40312424
35 28          4.9244289
35 27                5.5
36 77         6.26498204
36 47         5.38516481
36 34         4.47213595
36 33         4.60977223
37 27         9.43398113
37 46         8.32165849
37 38         8.06225775
37 26                1.5
38 43         5.09901951
38 30         5.09901951
38 46         3.64005494
38 50         4.30116263
39 27         5.22015325
39 30         4.71699057
39 34         2.23606798
39 33                2.5
40 42         5.52268051
40 87         5.47813837
40 86         4.83838816
40 82         4.74341649
41 172         6.02079729
41 153         5.83095189
41 170         5.09901951
41 161         4.47213595
42 31                7.5
42 86         6.48151217
42 40         5.52268051
42 29          2.6925824
43 46                6.5
43 47         4.03112887
43 38         5.09901951
43 50         3.53553391
44 51         8.38152731
44 48         7.61577311
44 45         6.02079729
44 49         6.51920241
45 44         6.02079729
45 49         5.59016994
45 51         3.60555128
45 77         4.52769257
46 52         7.56637298
46 43                6.5
46 38         3.64005494
46 50                3.5
47 45         6.72681202
47 36         5.38516481
47 43         4.03112887
47 77         5.02493781
48 45         11.7153745
48 56         10.4403065
48 58         6.70820393
48 44         7.61577311
49 47         7.51664819
49 50                7.5
49 45         5.59016994
49 44         6.51920241
50 47         7.15891053
50 38         4.30116263
50 46                3.5
50 43         3.53553391
51 79         5.59016994
51 54         5.59016994
51 77         3.53553391
51 45         3.60555128
52 38         11.1803399
52 49         10.9201648
52 46         7.56637298
52 50         8.74642784
53 56         7.07106781
53 60         4.24264069
53 55                  3
53 57         4.12310563
54 51         5.59016994
54 57                  5
54 56         2.82842712
54 79                  5
55 54         6.08276253
55 56         4.12310563
55 57         1.41421356
55 53                  3
56 55         4.12310563
56 58                  4
56 57         3.60555128
56 54         2.82842712
57 54                  5
57 53         4.12310563
57 55         1.41421356
57 56         3.60555128
58 57         6.70820393
58 55         6.40312424
58 56                  4
58 54         6.32455532
59 64         5.02493781
59 60         5.02493781
59 61         3.20156212
59 62         4.71699057
60 55         6.70820393
60 59         5.02493781
60 71         6.08276253
60 53         4.24264069
61 66         5.38516481
61 64         3.60555128
61 62                  2
61 59         3.20156212
62 63         5.02493781
62 59         4.71699057
62 61                  2
62 64         2.23606798
63 62         5.02493781
63 93         4.52769257
63 91         3.35410197
63 64         4.27200187
64 59         5.02493781
64 63         4.27200187
64 61         3.60555128
64 62         2.23606798
65 68         5.18555686
65 13         4.60977223
65 69         2.54950976
65 67         2.91547595
66 92         5.40832691
66 61         5.38516481
66 209         4.12310563
66 71         4.47213595
67 12         8.01560977
67 13         4.60977223
67 69         2.23606798
67 65         2.91547595
68 71         5.86003413
68 209         5.54436651
68 211        0.860232527
68 65         5.18555686
69 71         7.01783442
69 13         6.26498204
69 67         2.23606798
69 65         2.54950976
70 14         8.24621125
70 8         6.40312424
70 12         6.08276253
70 6         5.38516481
71 211         6.32455532
71 60         6.08276253
71 68         5.86003413
71 66         4.47213595
72 74         6.80073525
72 73         6.08276253
72 23                3.5
72 22         5.09901951
73 94         5.70087713
73 18         5.70087713
73 95                  5
73 74         3.04138127
74 16         6.67083203
74 17         4.03112887
74 73         3.04138127
74 18         3.20156212
75 72         7.90569415
75 210         6.10327781
75 24         5.40832691
75 23         4.71699057
76 192         6.08276253
76 195                5.5
76 210         4.47213595
76 9                  5
77 79         5.59016994
77 45         4.52769257
77 47         5.02493781
77 51         3.53553391
78 40         7.01783442
78 79         3.60555128
78 82         6.80073525
78 81         2.82842712
79 51         5.59016994
79 54                  5
79 81                  1
79 78         3.60555128
80 88         7.01783442
80 87         5.54616985
80 83                  2
80 82         3.35410197
81 77         6.10327781
81 54         5.83095189
81 79                  1
81 78         2.82842712
82 40         4.74341649
82 83         4.60977223
82 80         3.35410197
82 87         3.55105618
83 78         7.28010989
83 59         6.80073525
83 80                  2
83 82         4.60977223
84 85         6.16116872
84 169         5.51452627
84 86         3.67695526
84 87         5.12249939
85 90         6.57647322
85 84         6.16116872
85 169         4.03112887
85 89         4.12310563
86 42         6.48151217
86 31         4.66476152
86 40         4.83838816
86 84         3.67695526
87 40         5.47813837
87 84         5.12249939
87 88         3.52278299
87 82         3.55105618
88 82         6.51920241
88 84         6.41950154
88 87         3.52278299
88 89         6.18465844
89 88         6.18465844
89 133         6.10327781
89 85         4.12310563
89 90                2.5
90 85         6.57647322
90 91         5.59016994
90 89                2.5
90 133         5.09901951
91 93                6.5
91 90         5.59016994
91 63         3.35410197
91 96         5.09901951
92 209         5.59016994
92 66         5.40832691
92 94         3.53553391
92 95         4.47213595
93 92         6.40312424
93 95         6.08276253
93 96         3.64005494
93 63         4.52769257
94 93         6.96419414
94 73         5.70087713
94 95         1.58113883
94 92         3.53553391
95 93         6.08276253
95 73                  5
95 94         1.58113883
95 92         4.47213595
96 63         5.31507291
96 1         5.09901951
96 93         3.64005494
96 91         5.09901951
97 119         16.9705627
97 129         16.2788206
97 98         5.70087713
97 117         13.4164079
98 119          12.349089
98 129         11.8532696
98 97         5.70087713
98 117         7.90569415
99 106         6.10327781
99 105         4.30116263
99 108         6.08276253
99 104                2.5
100 104         6.80073525
100 99         6.51920241
100 105         4.24264069
100 106         5.40832691
101 106         14.1421356
101 103         11.8532696
101 107         9.55248659
101 100         11.2805142
102 105         31.5317301
102 107         30.8585482
102 101         21.3190056
102 100         29.6184064
103 106         4.94974747
103 109         4.74341649
103 116          4.9244289
103 107         3.64005494
104 110         4.74341649
104 106         4.30116263
104 108         3.64005494
104 99                2.5
105 106                7.5
105 104         6.10327781
105 100         4.24264069
105 99         4.30116263
106 103         4.94974747
106 104         4.30116263
106 108         4.60977223
106 110         2.82842712
107 106         8.32165849
107 116         6.51920241
107 103         3.64005494
107 109         6.10327781
108 99         6.08276253
108 106         4.60977223
108 110          2.6925824
108 104         3.64005494
109 107         6.10327781
109 111         6.02079729
109 103         4.74341649
109 116                0.5
110 103         5.70087713
110 104         4.74341649
110 108          2.6925824
110 106         2.82842712
111 109         6.02079729
111 116         5.70087713
111 114         4.60977223
111 113                  5
112 203         8.24621125
112 207         7.61577311
112 108         6.26498204
112 114         7.07106781
113 114         9.60468636
113 109         8.55862138
113 116         8.51469318
113 111                  5
114 109         7.07106781
114 112         7.07106781
114 116         6.57647322
114 111         4.60977223
115 116         19.2937814
115 109         18.8679623
115 113         17.0660482
115 107         17.4140748
116 107         6.51920241
116 111         5.70087713
116 103          4.9244289
116 109                0.5
117 98         7.90569415
117 121         6.40312424
117 119                  6
117 129         6.08276253
118 123          7.1063352
118 124         6.02079729
118 120         4.03112887
118 126         5.85234996
119 121         5.38516481
119 127         5.09901951
119 129                  1
119 122         3.64005494
120 124         5.65685425
120 127         5.31507291
120 126         3.80788655
120 118         4.03112887
121 122         6.80073525
121 117         6.40312424
121 119         5.38516481
121 129         6.32455532
122 120         5.70087713
122 129         4.03112887
122 127                2.5
122 119         3.64005494
123 122         6.10327781
123 127         3.60555128
123 125         2.82842712
123 128                2.5
124 118         6.02079729
124 138         4.12310563
124 120         5.65685425
124 126         2.54950976
125 129         7.07106781
125 127                  5
125 123         2.82842712
125 128         2.06155281
126 118         5.85234996
126 138         4.74341649
126 120         3.80788655
126 124         2.54950976
127 125                  5
127 129                  5
127 123         3.60555128
127 122                2.5
128 122         8.27647268
128 127         5.85234996
128 123                2.5
128 125         2.06155281
129 117         6.08276253
129 127                  5
129 119                  1
129 122         4.03112887
130 120                7.5
130 121         7.38241153
130 136         4.60977223
130 126                6.5
131 174         6.36396103
131 132         5.52268051
131 168                5.5
131 167         5.40832691
132 131         5.52268051
132 174         5.09901951
132 133         3.35410197
132 178         4.03112887
133 89         6.10327781
133 178         3.53553391
133 90         5.09901951
133 132         3.35410197
134 179         5.65685425
134 137         5.38516481
134 135         2.23606798
134 139         5.31507291
135 139                6.5
135 17         5.02493781
135 134         2.23606798
135 179         3.60555128
136 124         7.07106781
136 126         6.04152299
136 130         4.60977223
136 138         4.12310563
137 124         7.15891053
137 135         7.07106781
137 134         5.38516481
137 139         1.80277564
138 205                7.5
138 126         4.74341649
138 124         4.12310563
138 136         4.12310563
139 135                6.5
139 17         6.04152299
139 134         5.31507291
139 137         1.80277564
140 141         8.51469318
140 177         7.28010989
140 152         5.40832691
140 142         6.40312424
141 151               11.5
141 152         10.5948101
141 142         2.12132034
141 140         8.51469318
142 151         10.1118742
142 152          8.7321246
142 141         2.12132034
142 140         6.40312424
143 149         6.70820393
143 146         4.60977223
143 145         3.20156212
143 165         4.03112887
144 165         11.4127122
144 143         9.61769203
144 146                7.5
144 145         7.01783442
145 144         7.01783442
145 165         6.70820393
145 146         5.09901951
145 143         3.20156212
146 147         6.04152299
146 145         5.09901951
146 143         4.60977223
146 165         4.12310563
147 146         6.04152299
147 150         5.31507291
147 148         4.12310563
147 165         4.74341649
148 152         5.38516481
148 150                4.5
148 177         3.90512484
148 147         4.12310563
149 165         5.59016994
149 168         5.59016994
149 167         3.64005494
149 171         4.71699057
150 152         5.59016994
150 147         5.31507291
150 148                4.5
150 151         3.64005494
151 177         8.55862138
151 152         3.80788655
151 148         6.51920241
151 150         3.64005494
152 177         5.59016994
152 140         5.40832691
152 151         3.80788655
152 148         5.38516481
153 163         6.32455532
153 41         5.83095189
153 154         6.02079729
153 159         4.47213595
154 157         8.54400375
154 159         6.02079729
154 153         6.02079729
154 163                2.5
155 159         5.38516481
155 157         5.22015325
155 156         5.14781507
155 160         3.35410197
156 155         5.14781507
156 161         5.14781507
156 162         2.91547595
156 164         4.03112887
157 159         7.82623792
157 163         6.26498204
157 155         5.22015325
157 160         5.70087713
158 161         6.94622199
158 171         3.53553391
158 170         6.57647322
158 172         3.53553391
159 161         5.83095189
159 155         5.38516481
159 163         4.47213595
159 153         4.47213595
160 164         7.38241153
160 156         6.02079729
160 155         3.35410197
160 157         5.70087713
161 172                6.5
161 159         5.83095189
161 41         4.47213595
161 156         5.14781507
162 160         7.76208735
162 161         7.07106781
162 164         1.80277564
162 156         2.91547595
163 153         6.32455532
163 159         4.47213595
163 157         6.26498204
163 154                2.5
164 155         8.20060973
164 160         7.38241153
164 156         4.03112887
164 162         1.80277564
165 149         5.59016994
165 147         4.74341649
165 143         4.03112887
165 146         4.12310563
166 31         6.18465844
166 169         5.70087713
166 170         1.80277564
166 172         4.47213595
167 175         6.67083203
167 131         5.40832691
167 149         3.64005494
167 168         5.14781507
168 149         5.59016994
168 131                5.5
168 171         3.80788655
168 167         5.14781507
169 168         7.07106781
169 166         5.70087713
169 85         4.03112887
169 84         5.51452627
170 171                6.5
170 41         5.09901951
170 166         1.80277564
170 172         3.04138127
171 149         4.71699057
171 172         4.24264069
171 168         3.80788655
171 158         3.53553391
172 166         4.47213595
172 171         4.24264069
172 170         3.04138127
172 158         3.53553391
173 135         7.76208735
173 179         7.43303437
173 176         3.53553391
173 178         7.07106781
174 131         6.36396103
174 132         5.09901951
174 175         1.80277564
174 177         4.12310563
175 167         6.67083203
175 148         5.52268051
175 174         1.80277564
175 177         3.20156212
176 179         8.07774721
176 134         7.82623792
176 173         3.53553391
176 135         6.72681202
177 152         5.59016994
177 174         4.12310563
177 148         3.90512484
177 175         3.20156212
178 1         7.15891053
178 173         7.07106781
178 133         3.53553391
178 132         4.03112887
179 134         5.65685425
179 18         3.64005494
179 17         3.20156212
179 135         3.60555128
180 2         6.26498204
180 190         5.40832691
180 15         3.04138127
180 185         3.80788655
181 182         6.18465844
181 189         4.30116263
181 183         2.23606798
181 193                  3
182 183         6.10327781
182 184         6.08276253
182 190         4.60977223
182 196         4.74341649
183 182         6.10327781
183 193         4.47213595
183 181         2.23606798
183 189         3.80788655
184 187         4.52769257
184 192         4.03112887
184 191                2.5
184 190         3.90512484
185 181         6.57647322
185 15         5.40832691
185 180         3.80788655
185 2          4.9244289
186 201         7.07106781
186 199         5.83095189
186 188         2.54950976
186 197                  5
187 191                6.5
187 202         5.40832691
187 184         4.52769257
187 196         4.12310563
188 197         7.51664819
188 201         6.67083203
188 186         2.54950976
188 194         5.40832691
189 188         7.61577311
189 181         4.30116263
189 193         3.53553391
189 183         3.80788655
190 192         5.09901951
190 191         5.09901951
190 184         3.90512484
190 182         4.60977223
191 187                6.5
191 190         5.09901951
191 192                  2
191 184                2.5
192 76         6.08276253
192 190         5.09901951
192 191                  2
192 184         4.03112887
193 185         7.63216876
193 183         4.47213595
193 189         3.53553391
193 181                  3
194 188         5.40832691
194 196         5.14781507
194 202         3.64005494
194 201          4.9244289
195 180         6.40312424
195 76                5.5
195 15         5.59016994
195 9         3.35410197
196 194         5.14781507
196 182         4.74341649
196 202         3.64005494
196 187         4.12310563
197 188         7.51664819
197 198         4.52769257
197 186                  5
197 199                  3
198 199         7.51664819
198 186          7.1063352
198 201         6.96419414
198 197         4.52769257
199 188         8.27647268
199 198         7.51664819
199 197                  3
199 186         5.83095189
200 187         6.80073525
200 21         6.51920241
200 25         1.11803399
200 20         5.14781507
201 198         6.96419414
201 188         6.67083203
201 194          4.9244289
201 202         5.70087713
202 201         5.70087713
202 187         5.40832691
202 196         3.64005494
202 194         3.64005494
203 204         5.83095189
203 207         5.09901951
203 21         5.59016994
203 206         4.12310563
204 203         5.83095189
204 206         4.12310563
204 22         4.47213595
204 205          2.6925824
205 207         7.01783442
205 22         5.40832691
205 204          2.6925824
205 206         5.22015325
206 205         5.22015325
206 203         4.12310563
206 204         4.12310563
206 207         2.23606798
207 205         7.01783442
207 203         5.09901951
207 204         6.32455532
207 206         2.23606798
208 25         9.61769203
208 104         9.43398113
208 99         8.38152731
208 200          8.7321246
209 68         5.54436651
209 210         5.09901951
209 66         4.12310563
209 211                  5
210 211         6.40312424
210 75         6.10327781
210 76         4.47213595
210 209         5.09901951
211 65         6.02079729
211 9         5.65685425
211 68        0.860232527
211 209                  5
