0 209 baltim_clear ID
1 131         6.80073525
1 88         6.57647322
1 94         5.09901951
1 14         6.32455532
2 183          4.9244289
2 6         4.47213595
2 4                  4
2 3         4.12310563
3 183         6.94622199
3 4         6.40312424
3 2         4.12310563
3 6         5.38516481
4 3         6.40312424
4 9         5.38516481
4 2                  4
4 6                  2
5 12         10.4403065
5 10         8.94427191
5 7         7.07106781
5 68         5.38516481
6 9         7.28010989
6 3         5.38516481
6 4                  2
6 2         4.47213595
7 5         7.07106781
7 68         6.40312424
7 10         3.16227766
7 12         3.60555128
8 66         5.86003413
8 209         5.65685425
8 193         3.35410197
8 74                  5
9 8         7.28010989
9 13                  6
9 11         4.24264069
9 4         5.38516481
10 65         8.01560977
10 68         6.08276253
10 12         2.23606798
10 7         3.16227766
11 67         6.26498204
11 65         4.60977223
11 9         4.24264069
11 63         4.60977223
12 4                  8
12 9         7.81024968
12 10         2.23606798
12 7         3.60555128
13 193         5.59016994
13 183         5.40832691
13 178         3.04138127
13 2                  5
14 1         6.32455532
14 177         5.70087713
14 94         5.83095189
14 16         4.60977223
15 133         5.02493781
15 177         3.20156212
15 72         4.03112887
15 16         2.12132034
16 14         4.60977223
16 177         3.64005494
16 72         3.20156212
16 15         2.12132034
17 20         6.70820393
17 23         6.70820393
17 18         4.03112887
17 19                3.5
18 22         5.52268051
18 198         5.14781507
18 17         4.03112887
18 23         4.03112887
19 23         6.02079729
19 18         5.65685425
19 17                3.5
19 201         5.59016994
20 21         5.59016994
20 203         5.40832691
20 202         4.47213595
20 70         5.09901951
21 22         7.28010989
21 20         5.59016994
21 70                3.5
21 73         4.71699057
22 190                  7
22 17         6.94622199
22 73         5.40832691
22 18         5.52268051
23 17         6.70820393
23 19         6.02079729
23 198         1.11803399
23 18         4.03112887
24 44         9.21954446
24 25          8.7321246
24 36         8.38152731
24 35                1.5
25 36                  6
25 33                5.5
25 37         5.22015325
25 28         1.41421356
26 31         6.70820393
26 37         6.02079729
26 30         4.03112887
26 33          4.9244289
27 29         6.96419414
27 31         6.72681202
27 40          2.6925824
27 30         5.70087713
28 32         6.18465844
28 36         5.09901951
28 37         4.71699057
28 25         1.41421356
29 168                  7
29 27         6.96419414
29 84         4.66476152
29 164         6.18465844
30 29         7.61577311
30 151         6.70820393
30 27         5.70087713
30 26         4.03112887
31 26         6.70820393
31 34         4.60977223
31 37                2.5
31 32         1.11803399
32 28         6.18465844
32 34         4.47213595
32 37         2.23606798
32 31         1.11803399
33 28         6.57647322
33 37         6.40312424
33 26          4.9244289
33 25                5.5
34 75         6.26498204
34 45         5.38516481
34 32         4.47213595
34 31         4.60977223
35 25         9.43398113
35 44         8.32165849
35 36         8.06225775
35 24                1.5
36 41         5.09901951
36 28         5.09901951
36 44         3.64005494
36 48         4.30116263
37 25         5.22015325
37 28         4.71699057
37 32         2.23606798
37 31                2.5
38 40         5.52268051
38 85         5.47813837
38 84         4.83838816
38 80         4.74341649
39 170         6.02079729
39 151         5.83095189
39 168         5.09901951
39 159         4.47213595
40 29                7.5
40 84         6.48151217
40 38         5.52268051
40 27          2.6925824
41 44                6.5
41 45         4.03112887
41 36         5.09901951
41 48         3.53553391
42 49         8.38152731
42 46         7.61577311
42 43         6.02079729
42 47         6.51920241
43 42         6.02079729
43 47         5.59016994
43 49         3.60555128
43 75         4.52769257
44 50         7.56637298
44 41                6.5
44 36         3.64005494
44 48                3.5
45 43         6.72681202
45 34         5.38516481
45 41         4.03112887
45 75         5.02493781
46 43         11.7153745
46 54         10.4403065
46 56         6.70820393
46 42         7.61577311
47 45         7.51664819
47 48                7.5
47 43         5.59016994
47 42         6.51920241
48 45         7.15891053
48 36         4.30116263
48 44                3.5
48 41         3.53553391
49 77         5.59016994
49 52         5.59016994
49 75         3.53553391
49 43         3.60555128
50 36         11.1803399
50 47         10.9201648
50 44         7.56637298
50 48         8.74642784
51 54         7.07106781
51 58         4.24264069
51 53                  3
51 55         4.12310563
52 49         5.59016994
52 55                  5
52 54         2.82842712
52 77                  5
53 52         6.08276253
53 54         4.12310563
53 55         1.41421356
53 51                  3
54 53         4.12310563
54 56                  4
54 55         3.60555128
54 52         2.82842712
55 52                  5
55 51         4.12310563
55 53         1.41421356
55 54         3.60555128
56 55         6.70820393
56 53         6.40312424
56 54                  4
56 52         6.32455532
57 62         5.02493781
57 58         5.02493781
57 59         3.20156212
57 60         4.71699057
58 53         6.70820393
58 57         5.02493781
58 69         6.08276253
58 51         4.24264069
59 64         5.38516481
59 62         3.60555128
59 60                  2
59 57         3.20156212
60 61         5.02493781
60 57         4.71699057
60 59                  2
60 62         2.23606798
61 60         5.02493781
61 91         4.52769257
61 89         3.35410197
61 62         4.27200187
62 57         5.02493781
62 61         4.27200187
62 59         3.60555128
62 60         2.23606798
63 66         5.18555686
63 11         4.60977223
63 67         2.54950976
63 65         2.91547595
64 90         5.40832691
64 59         5.38516481
64 207         4.12310563
64 69         4.47213595
65 10         8.01560977
65 11         4.60977223
65 67         2.23606798
65 63         2.91547595
66 69         5.86003413
66 207         5.54436651
66 209        0.860232527
66 63         5.18555686
67 69         7.01783442
67 11         6.26498204
67 65         2.23606798
67 63         2.54950976
68 12         8.24621125
68 7         6.40312424
68 10         6.08276253
68 5         5.38516481
69 209         6.32455532
69 58         6.08276253
69 66         5.86003413
69 64         4.47213595
70 72         6.80073525
70 71         6.08276253
70 21                3.5
70 20         5.09901951
71 92         5.70087713
71 16         5.70087713
71 93                  5
71 72         3.04138127
72 14         6.67083203
72 15         4.03112887
72 71         3.04138127
72 16         3.20156212
73 70         7.90569415
73 208         6.10327781
73 22         5.40832691
73 21         4.71699057
74 190         6.08276253
74 193                5.5
74 208         4.47213595
74 8                  5
75 77         5.59016994
75 43         4.52769257
75 45         5.02493781
75 49         3.53553391
76 38         7.01783442
76 77         3.60555128
76 80         6.80073525
76 79         2.82842712
77 49         5.59016994
77 52                  5
77 79                  1
77 76         3.60555128
78 86         7.01783442
78 85         5.54616985
78 81                  2
78 80         3.35410197
79 75         6.10327781
79 52         5.83095189
79 77                  1
79 76         2.82842712
80 38         4.74341649
80 81         4.60977223
80 78         3.35410197
80 85         3.55105618
81 76         7.28010989
81 57         6.80073525
81 78                  2
81 80         4.60977223
82 83         6.16116872
82 167         5.51452627
82 84         3.67695526
82 85         5.12249939
83 88         6.57647322
83 82         6.16116872
83 167         4.03112887
83 87         4.12310563
84 40         6.48151217
84 29         4.66476152
84 38         4.83838816
84 82         3.67695526
85 38         5.47813837
85 82         5.12249939
85 86         3.52278299
85 80         3.55105618
86 80         6.51920241
86 82         6.41950154
86 85         3.52278299
86 87         6.18465844
87 86         6.18465844
87 131         6.10327781
87 83         4.12310563
87 88                2.5
88 83         6.57647322
88 89         5.59016994
88 87                2.5
88 131         5.09901951
89 91                6.5
89 88         5.59016994
89 61         3.35410197
89 94         5.09901951
90 207         5.59016994
90 64         5.40832691
90 92         3.53553391
90 93         4.47213595
91 90         6.40312424
91 93         6.08276253
91 94         3.64005494
91 61         4.52769257
92 91         6.96419414
92 71         5.70087713
92 93         1.58113883
92 90         3.53553391
93 91         6.08276253
93 71                  5
93 92         1.58113883
93 90         4.47213595
94 61         5.31507291
94 1         5.09901951
94 91         3.64005494
94 89         5.09901951
95 117         16.9705627
95 127         16.2788206
95 96         5.70087713
95 115         13.4164079
96 117          12.349089
96 127         11.8532696
96 95         5.70087713
96 115         7.90569415
97 104         6.10327781
97 103         4.30116263
97 106         6.08276253
97 102                2.5
98 102         6.80073525
98 97         6.51920241
98 103         4.24264069
98 104         5.40832691
99 104         14.1421356
99 101         11.8532696
99 105         9.55248659
99 98         11.2805142
100 103         31.5317301
100 105         30.8585482
100 99         21.3190056
100 98         29.6184064
101 104         4.94974747
101 107         4.74341649
101 114          4.9244289
101 105         3.64005494
102 108         4.74341649
102 104         4.30116263
102 106         3.64005494
102 97                2.5
103 104                7.5
103 102         6.10327781
103 98         4.24264069
103 97         4.30116263
104 101         4.94974747
104 102         4.30116263
104 106         4.60977223
104 108         2.82842712
105 104         8.32165849
105 114         6.51920241
105 101         3.64005494
105 107         6.10327781
106 97         6.08276253
106 104         4.60977223
106 108          2.6925824
106 102         3.64005494
107 105         6.10327781
107 109         6.02079729
107 101         4.74341649
107 114                0.5
108 101         5.70087713
108 102         4.74341649
108 106          2.6925824
108 104         2.82842712
109 107         6.02079729
109 114         5.70087713
109 112         4.60977223
109 111                  5
110 201         8.24621125
110 205         7.61577311
110 106         6.26498204
110 112         7.07106781
111 112         9.60468636
111 107         8.55862138
111 114         8.51469318
111 109                  5
112 107         7.07106781
112 110         7.07106781
112 114         6.57647322
112 109         4.60977223
113 114         19.2937814
113 107         18.8679623
113 111         17.0660482
113 105         17.4140748
114 105         6.51920241
114 109         5.70087713
114 101          4.9244289
114 107                0.5
115 96         7.90569415
115 119         6.40312424
115 117                  6
115 127         6.08276253
116 121          7.1063352
116 122         6.02079729
116 118         4.03112887
116 124         5.85234996
117 119         5.38516481
117 125         5.09901951
117 127                  1
117 120         3.64005494
118 122         5.65685425
118 125         5.31507291
118 124         3.80788655
118 116         4.03112887
119 120         6.80073525
119 115         6.40312424
119 117         5.38516481
119 127         6.32455532
120 118         5.70087713
120 127         4.03112887
120 125                2.5
120 117         3.64005494
121 120         6.10327781
121 125         3.60555128
121 123         2.82842712
121 126                2.5
122 116         6.02079729
122 136         4.12310563
122 118         5.65685425
122 124         2.54950976
123 127         7.07106781
123 125                  5
123 121         2.82842712
123 126         2.06155281
124 116         5.85234996
124 136         4.74341649
124 118         3.80788655
124 122         2.54950976
125 123                  5
125 127                  5
125 121         3.60555128
125 120                2.5
126 120         8.27647268
126 125         5.85234996
126 121                2.5
126 123         2.06155281
127 115         6.08276253
127 125                  5
127 117                  1
127 120         4.03112887
128 118                7.5
128 119         7.38241153
128 134         4.60977223
128 124                6.5
129 172         6.36396103
129 130         5.52268051
129 166                5.5
129 165         5.40832691
130 129         5.52268051
130 172         5.09901951
130 131         3.35410197
130 176         4.03112887
131 87         6.10327781
131 176         3.53553391
131 88         5.09901951
131 130         3.35410197
132 177         5.65685425
132 135         5.38516481
132 133         2.23606798
132 137         5.31507291
133 137                6.5
133 15         5.02493781
133 132         2.23606798
133 177         3.60555128
134 122         7.07106781
134 124         6.04152299
134 128         4.60977223
134 136         4.12310563
135 122         7.15891053
135 133         7.07106781
135 132         5.38516481
135 137         1.80277564
136 203                7.5
136 124         4.74341649
136 122         4.12310563
136 134         4.12310563
137 133                6.5
137 15         6.04152299
137 132         5.31507291
137 135         1.80277564
138 139         8.51469318
138 175         7.28010989
138 150         5.40832691
138 140         6.40312424
139 149               11.5
139 150         10.5948101
139 140         2.12132034
139 138         8.51469318
140 149         10.1118742
140 150          8.7321246
140 139         2.12132034
140 138         6.40312424
141 147         6.70820393
141 144         4.60977223
141 143         3.20156212
141 163         4.03112887
142 163         11.4127122
142 141         9.61769203
142 144                7.5
142 143         7.01783442
143 142         7.01783442
143 163         6.70820393
143 144         5.09901951
143 141         3.20156212
144 145         6.04152299
144 143         5.09901951
144 141         4.60977223
144 163         4.12310563
145 144         6.04152299
145 148         5.31507291
145 146         4.12310563
145 163         4.74341649
146 150         5.38516481
146 148                4.5
146 175         3.90512484
146 145         4.12310563
147 163         5.59016994
147 166         5.59016994
147 165         3.64005494
147 169         4.71699057
148 150         5.59016994
148 145         5.31507291
148 146                4.5
148 149         3.64005494
149 175         8.55862138
149 150         3.80788655
149 146         6.51920241
149 148         3.64005494
150 175         5.59016994
150 138         5.40832691
150 149         3.80788655
150 146         5.38516481
151 161         6.32455532
151 39         5.83095189
151 152         6.02079729
151 157         4.47213595
152 155         8.54400375
152 157         6.02079729
152 151         6.02079729
152 161                2.5
153 157         5.38516481
153 155         5.22015325
153 154         5.14781507
153 158         3.35410197
154 153         5.14781507
154 159         5.14781507
154 160         2.91547595
154 162         4.03112887
155 157         7.82623792
155 161         6.26498204
155 153         5.22015325
155 158         5.70087713
156 159         6.94622199
156 169         3.53553391
156 168         6.57647322
156 170         3.53553391
157 159         5.83095189
157 153         5.38516481
157 161         4.47213595
157 151         4.47213595
158 162         7.38241153
158 154         6.02079729
158 153         3.35410197
158 155         5.70087713
159 170                6.5
159 157         5.83095189
159 39         4.47213595
159 154         5.14781507
160 158         7.76208735
160 159         7.07106781
160 162         1.80277564
160 154         2.91547595
161 151         6.32455532
161 157         4.47213595
161 155         6.26498204
161 152                2.5
162 153         8.20060973
162 158         7.38241153
162 154         4.03112887
162 160         1.80277564
163 147         5.59016994
163 145         4.74341649
163 141         4.03112887
163 144         4.12310563
164 29         6.18465844
164 167         5.70087713
164 168         1.80277564
164 170         4.47213595
165 173         6.67083203
165 129         5.40832691
165 147         3.64005494
165 166         5.14781507
166 147         5.59016994
166 129                5.5
166 169         3.80788655
166 165         5.14781507
167 166         7.07106781
167 164         5.70087713
167 83         4.03112887
167 82         5.51452627
168 169                6.5
168 39         5.09901951
168 164         1.80277564
168 170         3.04138127
169 147         4.71699057
169 170         4.24264069
169 166         3.80788655
169 156         3.53553391
170 164         4.47213595
170 169         4.24264069
170 168         3.04138127
170 156         3.53553391
171 133         7.76208735
171 177         7.43303437
171 174         3.53553391
171 176         7.07106781
172 129         6.36396103
172 130         5.09901951
172 173         1.80277564
172 175         4.12310563
173 165         6.67083203
173 146         5.52268051
173 172         1.80277564
173 175         3.20156212
174 177         8.07774721
174 132         7.82623792
174 171         3.53553391
174 133         6.72681202
175 150         5.59016994
175 172         4.12310563
175 146         3.90512484
175 173         3.20156212
176 1         7.15891053
176 171         7.07106781
176 131         3.53553391
176 130         4.03112887
177 132         5.65685425
177 16         3.64005494
177 15         3.20156212
177 133         3.60555128
178 2         6.26498204
178 188         5.40832691
178 13         3.04138127
178 183         3.80788655
179 180         6.18465844
179 187         4.30116263
179 181         2.23606798
179 191                  3
180 181         6.10327781
180 182         6.08276253
180 188         4.60977223
180 194         4.74341649
181 180         6.10327781
181 191         4.47213595
181 179         2.23606798
181 187         3.80788655
182 185         4.52769257
182 190         4.03112887
182 189                2.5
182 188         3.90512484
183 179         6.57647322
183 13         5.40832691
183 178         3.80788655
183 2          4.9244289
184 199         7.07106781
184 197         5.83095189
184 186         2.54950976
184 195                  5
185 189                6.5
185 200         5.40832691
185 182         4.52769257
185 194         4.12310563
186 195         7.51664819
186 199         6.67083203
186 184         2.54950976
186 192         5.40832691
187 186         7.61577311
187 179         4.30116263
187 191         3.53553391
187 181         3.80788655
188 190         5.09901951
188 189         5.09901951
188 182         3.90512484
188 180         4.60977223
189 185                6.5
189 188         5.09901951
189 190                  2
189 182                2.5
190 74         6.08276253
190 188         5.09901951
190 189                  2
190 182         4.03112887
191 183         7.63216876
191 181         4.47213595
191 187         3.53553391
191 179                  3
192 186         5.40832691
192 194         5.14781507
192 200         3.64005494
192 199          4.9244289
193 178         6.40312424
193 74                5.5
193 13         5.59016994
193 8         3.35410197
194 192         5.14781507
194 180         4.74341649
194 200         3.64005494
194 185         4.12310563
195 186         7.51664819
195 196         4.52769257
195 184                  5
195 197                  3
196 197         7.51664819
196 184          7.1063352
196 199         6.96419414
196 195         4.52769257
197 186         8.27647268
197 196         7.51664819
197 195                  3
197 184         5.83095189
198 185         6.80073525
198 19         6.51920241
198 23         1.11803399
198 18         5.14781507
199 196         6.96419414
199 186         6.67083203
199 192          4.9244289
199 200         5.70087713
200 199         5.70087713
200 185         5.40832691
200 194         3.64005494
200 192         3.64005494
201 202         5.83095189
201 205         5.09901951
201 19         5.59016994
201 204         4.12310563
202 201         5.83095189
202 204         4.12310563
202 20         4.47213595
202 203          2.6925824
203 205         7.01783442
203 20         5.40832691
203 202          2.6925824
203 204         5.22015325
204 203         5.22015325
204 201         4.12310563
204 202         4.12310563
204 205         2.23606798
205 203         7.01783442
205 201         5.09901951
205 202         6.32455532
205 204         2.23606798
206 23         9.61769203
206 102         9.43398113
206 97         8.38152731
206 198          8.7321246
207 66         5.54436651
207 208         5.09901951
207 64         4.12310563
207 209                  5
208 209         6.40312424
208 73         6.10327781
208 74         4.47213595
208 207         5.09901951
209 63         6.02079729
209 8         5.65685425
209 66        0.860232527
209 207                  5
